!STEP. II [EMPTY RESERVOIR & TRIANGULAR GRAVITY DAM & FLEX FOUNDATION-2D 1B]
!       NDYN        NDIM          NJ        NDOF      NGROUP        NDIS            [GENERAL PARAMETERS OF A STRUCTURE]
          10           2         239           2           2           0
!      NSPRI      NLOADC       TSTEP       NALGO      NACCEL        ISYM            [GENERAL PARAMETERS OF A STRUCTURE]
           0           1   0.0100000           3           1           0                        
!      NFREQ        NMMT        IFSS        IFPR        RTOL        KOPT            [GENERAL PARAMETERS NEEDED IN NDYN.EQ.5,8,9,10,11]
           2           1           0           1    0.000001           0                        
!      HYSDP        NJTF       NGDIR        NRTF      DOMEGA                        [GENERAL PARAMETERS NEEDED FOR SPECIFIC DGREE OF FREEDOM UNDER CONSIDERATION]
        0.05          71           1           1       0.250    
MODEL PRBLEM AT TRUNCATION BOUNDARIES[ ( i , j ) : i = 0 (SOMERFEL) , i = 1 (HW) , i = 2(GN) ; j = 0 (LYSMER) , j = 1 (HW) ]
          0          0       
RESERVIOR TRUNCATION BOUNDARY MODEL: order: O(N,M) , {a_j }, {b_j }  
FOUNDATION TRUNCATION BOUNDARY MODEL: order: O(N,M) , {a_j }, {b_j } 
!          I           X           Y           Z	                                [ARRAY XYZ: NODAL COORDINATES IN GLOBAL COO.]
           1      0.0000      0.0000      0.0000
           2     20.0000      0.0000      0.0000
           3     40.0000      0.0000      0.0000
           4     60.0000      0.0000      0.0000
           5     80.0000      0.0000      0.0000
           6    100.0000      0.0000      0.0000
           7    120.0000      0.0000      0.0000
           8    140.0000      0.0000      0.0000
           9    160.0000      0.0000      0.0000
          10      0.0000     20.0000      0.0000
          11     36.0000     20.0000      0.0000
          12     72.0000     20.0000      0.0000
          13    108.0000     20.0000      0.0000
          14    144.0000     20.0000      0.0000
          15      0.0000     40.0000      0.0000
          16     16.0000     40.0000      0.0000
          17     32.0000     40.0000      0.0000
          18     48.0000     40.0000      0.0000
          19     64.0000     40.0000      0.0000
          20     80.0000     40.0000      0.0000
          21     96.0000     40.0000      0.0000
          22    112.0000     40.0000      0.0000
          23    128.0000     40.0000      0.0000
          24      0.0000     60.0000      0.0000
          25     28.0000     60.0000      0.0000
          26     56.0000     60.0000      0.0000
          27     84.0000     60.0000      0.0000
          28    112.0000     60.0000      0.0000
          29      0.0000     80.0000      0.0000
          30     12.0000     80.0000      0.0000
          31     24.0000     80.0000      0.0000
          32     36.0000     80.0000      0.0000
          33     48.0000     80.0000      0.0000
          34     60.0000     80.0000      0.0000
          35     72.0000     80.0000      0.0000
          36     84.0000     80.0000      0.0000
          37     96.0000     80.0000      0.0000
          38      0.0000    100.0000      0.0000
          39     20.0000    100.0000      0.0000
          40     40.0000    100.0000      0.0000
          41     60.0000    100.0000      0.0000
          42     80.0000    100.0000      0.0000
          43      0.0000    120.0000      0.0000
          44      8.0000    120.0000      0.0000
          45     16.0000    120.0000      0.0000
          46     24.0000    120.0000      0.0000
          47     32.0000    120.0000      0.0000
          48     40.0000    120.0000      0.0000
          49     48.0000    120.0000      0.0000
          50     56.0000    120.0000      0.0000
          51     64.0000    120.0000      0.0000
          52      0.0000    140.0000      0.0000
          53     12.0000    140.0000      0.0000
          54     24.0000    140.0000      0.0000
          55     36.0000    140.0000      0.0000
          56     48.0000    140.0000      0.0000
          57      0.0000    160.0000      0.0000
          58      4.0000    160.0000      0.0000
          59      8.0000    160.0000      0.0000
          60     12.0000    160.0000      0.0000
          61     16.0000    160.0000      0.0000
          62     20.0000    160.0000      0.0000
          63     24.0000    160.0000      0.0000
          64     28.0000    160.0000      0.0000
          65     32.0000    160.0000      0.0000
          66      0.0000    180.0000      0.0000
          67      4.0000    180.0000      0.0000
          68      8.0000    180.0000      0.0000
          69     12.0000    180.0000      0.0000
          70     16.0000    180.0000      0.0000
          71      0.0000    200.0000      0.0000
          72   -160.0000      0.0000      0.0000
          73   -140.0000      0.0000      0.0000
          74   -120.0000      0.0000      0.0000
          75   -100.0000      0.0000      0.0000
          76    -80.0000      0.0000      0.0000
          77    -60.0000      0.0000      0.0000
          78    -40.0000      0.0000      0.0000
          79    -20.0000      0.0000      0.0000
          80    180.0000      0.0000      0.0000
          81    200.0000      0.0000      0.0000
          82    220.0000      0.0000      0.0000
          83    240.0000      0.0000      0.0000
          84    260.0000      0.0000      0.0000
          85    280.0000      0.0000      0.0000
          86    300.0000      0.0000      0.0000
          87    320.0000      0.0000      0.0000
          88   -160.0000    -20.0000      0.0000
          89   -120.0000    -20.0000      0.0000
          90    -80.0000    -20.0000      0.0000
          91    -40.0000    -20.0000      0.0000
          92      0.0000    -20.0000      0.0000
          93     40.0000    -20.0000      0.0000
          94     80.0000    -20.0000      0.0000
          95    120.0000    -20.0000      0.0000
          96    160.0000    -20.0000      0.0000
          97    200.0000    -20.0000      0.0000
          98    240.0000    -20.0000      0.0000
          99    280.0000    -20.0000      0.0000
         100    320.0000    -20.0000      0.0000
         101   -160.0000    -40.0000      0.0000
         102   -140.0000    -40.0000      0.0000
         103   -120.0000    -40.0000      0.0000
         104   -100.0000    -40.0000      0.0000
         105    -80.0000    -40.0000      0.0000
         106    -60.0000    -40.0000      0.0000
         107    -40.0000    -40.0000      0.0000
         108    -20.0000    -40.0000      0.0000
         109      0.0000    -40.0000      0.0000
         110     20.0000    -40.0000      0.0000
         111     40.0000    -40.0000      0.0000
         112     60.0000    -40.0000      0.0000
         113     80.0000    -40.0000      0.0000
         114    100.0000    -40.0000      0.0000
         115    120.0000    -40.0000      0.0000
         116    140.0000    -40.0000      0.0000
         117    160.0000    -40.0000      0.0000
         118    180.0000    -40.0000      0.0000
         119    200.0000    -40.0000      0.0000
         120    220.0000    -40.0000      0.0000
         121    240.0000    -40.0000      0.0000
         122    260.0000    -40.0000      0.0000
         123    280.0000    -40.0000      0.0000
         124    300.0000    -40.0000      0.0000
         125    320.0000    -40.0000      0.0000
         126   -160.0000    -60.0000      0.0000
         127   -120.0000    -60.0000      0.0000
         128    -80.0000    -60.0000      0.0000
         129    -40.0000    -60.0000      0.0000
         130      0.0000    -60.0000      0.0000
         131     40.0000    -60.0000      0.0000
         132     80.0000    -60.0000      0.0000
         133    120.0000    -60.0000      0.0000
         134    160.0000    -60.0000      0.0000
         135    200.0000    -60.0000      0.0000
         136    240.0000    -60.0000      0.0000
         137    280.0000    -60.0000      0.0000
         138    320.0000    -60.0000      0.0000
         139   -160.0000    -80.0000      0.0000
         140   -140.0000    -80.0000      0.0000
         141   -120.0000    -80.0000      0.0000
         142   -100.0000    -80.0000      0.0000
         143    -80.0000    -80.0000      0.0000
         144    -60.0000    -80.0000      0.0000
         145    -40.0000    -80.0000      0.0000
         146    -20.0000    -80.0000      0.0000
         147      0.0000    -80.0000      0.0000
         148     20.0000    -80.0000      0.0000
         149     40.0000    -80.0000      0.0000
         150     60.0000    -80.0000      0.0000
         151     80.0000    -80.0000      0.0000
         152    100.0000    -80.0000      0.0000
         153    120.0000    -80.0000      0.0000
         154    140.0000    -80.0000      0.0000
         155    160.0000    -80.0000      0.0000
         156    180.0000    -80.0000      0.0000
         157    200.0000    -80.0000      0.0000
         158    220.0000    -80.0000      0.0000
         159    240.0000    -80.0000      0.0000
         160    260.0000    -80.0000      0.0000
         161    280.0000    -80.0000      0.0000
         162    300.0000    -80.0000      0.0000
         163    320.0000    -80.0000      0.0000
         164   -160.0000   -100.0000      0.0000
         165   -120.0000   -100.0000      0.0000
         166    -80.0000   -100.0000      0.0000
         167    -40.0000   -100.0000      0.0000
         168      0.0000   -100.0000      0.0000
         169     40.0000   -100.0000      0.0000
         170     80.0000   -100.0000      0.0000
         171    120.0000   -100.0000      0.0000
         172    160.0000   -100.0000      0.0000
         173    200.0000   -100.0000      0.0000
         174    240.0000   -100.0000      0.0000
         175    280.0000   -100.0000      0.0000
         176    320.0000   -100.0000      0.0000
         177   -160.0000   -120.0000      0.0000
         178   -140.0000   -120.0000      0.0000
         179   -120.0000   -120.0000      0.0000
         180   -100.0000   -120.0000      0.0000
         181    -80.0000   -120.0000      0.0000
         182    -60.0000   -120.0000      0.0000
         183    -40.0000   -120.0000      0.0000
         184    -20.0000   -120.0000      0.0000
         185      0.0000   -120.0000      0.0000
         186     20.0000   -120.0000      0.0000
         187     40.0000   -120.0000      0.0000
         188     60.0000   -120.0000      0.0000
         189     80.0000   -120.0000      0.0000
         190    100.0000   -120.0000      0.0000
         191    120.0000   -120.0000      0.0000
         192    140.0000   -120.0000      0.0000
         193    160.0000   -120.0000      0.0000
         194    180.0000   -120.0000      0.0000
         195    200.0000   -120.0000      0.0000
         196    220.0000   -120.0000      0.0000
         197    240.0000   -120.0000      0.0000
         198    260.0000   -120.0000      0.0000
         199    280.0000   -120.0000      0.0000
         200    300.0000   -120.0000      0.0000
         201    320.0000   -120.0000      0.0000
         202   -160.0000   -140.0000      0.0000
         203   -120.0000   -140.0000      0.0000
         204    -80.0000   -140.0000      0.0000
         205    -40.0000   -140.0000      0.0000
         206      0.0000   -140.0000      0.0000
         207     40.0000   -140.0000      0.0000
         208     80.0000   -140.0000      0.0000
         209    120.0000   -140.0000      0.0000
         210    160.0000   -140.0000      0.0000
         211    200.0000   -140.0000      0.0000
         212    240.0000   -140.0000      0.0000
         213    280.0000   -140.0000      0.0000
         214    320.0000   -140.0000      0.0000
         215   -160.0000   -160.0000      0.0000
         216   -140.0000   -160.0000      0.0000
         217   -120.0000   -160.0000      0.0000
         218   -100.0000   -160.0000      0.0000
         219    -80.0000   -160.0000      0.0000
         220    -60.0000   -160.0000      0.0000
         221    -40.0000   -160.0000      0.0000
         222    -20.0000   -160.0000      0.0000
         223      0.0000   -160.0000      0.0000
         224     20.0000   -160.0000      0.0000
         225     40.0000   -160.0000      0.0000
         226     60.0000   -160.0000      0.0000
         227     80.0000   -160.0000      0.0000
         228    100.0000   -160.0000      0.0000
         229    120.0000   -160.0000      0.0000
         230    140.0000   -160.0000      0.0000
         231    160.0000   -160.0000      0.0000
         232    180.0000   -160.0000      0.0000
         233    200.0000   -160.0000      0.0000
         234    220.0000   -160.0000      0.0000
         235    240.0000   -160.0000      0.0000
         236    260.0000   -160.0000      0.0000
         237    280.0000   -160.0000      0.0000
         238    300.0000   -160.0000      0.0000
         239    320.0000   -160.0000      0.0000
! ID: NODE NUMBER    RXI         RYI         RZI         TXI         TYI         TZI          PI [ID MATRIX: RESTRAINED WITH QUANTITY ONE FOR NODAL SUPPORTS]
           1           0           0           1           1           1           1           1
           2           0           0           1           1           1           1           1
           3           0           0           1           1           1           1           1
           4           0           0           1           1           1           1           1
           5           0           0           1           1           1           1           1
           6           0           0           1           1           1           1           1
           7           0           0           1           1           1           1           1
           8           0           0           1           1           1           1           1
           9           0           0           1           1           1           1           1
          10           0           0           1           1           1           1           1
          11           0           0           1           1           1           1           1
          12           0           0           1           1           1           1           1
          13           0           0           1           1           1           1           1
          14           0           0           1           1           1           1           1
          15           0           0           1           1           1           1           1
          16           0           0           1           1           1           1           1
          17           0           0           1           1           1           1           1
          18           0           0           1           1           1           1           1
          19           0           0           1           1           1           1           1
          20           0           0           1           1           1           1           1
          21           0           0           1           1           1           1           1
          22           0           0           1           1           1           1           1
          23           0           0           1           1           1           1           1
          24           0           0           1           1           1           1           1
          25           0           0           1           1           1           1           1
          26           0           0           1           1           1           1           1
          27           0           0           1           1           1           1           1
          28           0           0           1           1           1           1           1
          29           0           0           1           1           1           1           1
          30           0           0           1           1           1           1           1
          31           0           0           1           1           1           1           1
          32           0           0           1           1           1           1           1
          33           0           0           1           1           1           1           1
          34           0           0           1           1           1           1           1
          35           0           0           1           1           1           1           1
          36           0           0           1           1           1           1           1
          37           0           0           1           1           1           1           1
          38           0           0           1           1           1           1           1
          39           0           0           1           1           1           1           1
          40           0           0           1           1           1           1           1
          41           0           0           1           1           1           1           1
          42           0           0           1           1           1           1           1
          43           0           0           1           1           1           1           1
          44           0           0           1           1           1           1           1
          45           0           0           1           1           1           1           1
          46           0           0           1           1           1           1           1
          47           0           0           1           1           1           1           1
          48           0           0           1           1           1           1           1
          49           0           0           1           1           1           1           1
          50           0           0           1           1           1           1           1
          51           0           0           1           1           1           1           1
          52           0           0           1           1           1           1           1
          53           0           0           1           1           1           1           1
          54           0           0           1           1           1           1           1
          55           0           0           1           1           1           1           1
          56           0           0           1           1           1           1           1
          57           0           0           1           1           1           1           1
          58           0           0           1           1           1           1           1
          59           0           0           1           1           1           1           1
          60           0           0           1           1           1           1           1
          61           0           0           1           1           1           1           1
          62           0           0           1           1           1           1           1
          63           0           0           1           1           1           1           1
          64           0           0           1           1           1           1           1
          65           0           0           1           1           1           1           1
          66           0           0           1           1           1           1           1
          67           0           0           1           1           1           1           1
          68           0           0           1           1           1           1           1
          69           0           0           1           1           1           1           1
          70           0           0           1           1           1           1           1
          71           0           0           1           1           1           1           1
          72           0           0           1           1           1           1           1
          73           0           0           1           1           1           1           1
          74           0           0           1           1           1           1           1
          75           0           0           1           1           1           1           1
          76           0           0           1           1           1           1           1
          77           0           0           1           1           1           1           1
          78           0           0           1           1           1           1           1
          79           0           0           1           1           1           1           1
          80           0           0           1           1           1           1           1
          81           0           0           1           1           1           1           1
          82           0           0           1           1           1           1           1
          83           0           0           1           1           1           1           1
          84           0           0           1           1           1           1           1
          85           0           0           1           1           1           1           1
          86           0           0           1           1           1           1           1
          87           0           0           1           1           1           1           1
          88           0           0           1           1           1           1           1
          89           0           0           1           1           1           1           1
          90           0           0           1           1           1           1           1
          91           0           0           1           1           1           1           1
          92           0           0           1           1           1           1           1
          93           0           0           1           1           1           1           1
          94           0           0           1           1           1           1           1
          95           0           0           1           1           1           1           1
          96           0           0           1           1           1           1           1
          97           0           0           1           1           1           1           1
          98           0           0           1           1           1           1           1
          99           0           0           1           1           1           1           1
         100           0           0           1           1           1           1           1
         101           0           0           1           1           1           1           1
         102           0           0           1           1           1           1           1
         103           0           0           1           1           1           1           1
         104           0           0           1           1           1           1           1
         105           0           0           1           1           1           1           1
         106           0           0           1           1           1           1           1
         107           0           0           1           1           1           1           1
         108           0           0           1           1           1           1           1
         109           0           0           1           1           1           1           1
         110           0           0           1           1           1           1           1
         111           0           0           1           1           1           1           1
         112           0           0           1           1           1           1           1
         113           0           0           1           1           1           1           1
         114           0           0           1           1           1           1           1
         115           0           0           1           1           1           1           1
         116           0           0           1           1           1           1           1
         117           0           0           1           1           1           1           1
         118           0           0           1           1           1           1           1
         119           0           0           1           1           1           1           1
         120           0           0           1           1           1           1           1
         121           0           0           1           1           1           1           1
         122           0           0           1           1           1           1           1
         123           0           0           1           1           1           1           1
         124           0           0           1           1           1           1           1
         125           0           0           1           1           1           1           1
         126           0           0           1           1           1           1           1
         127           0           0           1           1           1           1           1
         128           0           0           1           1           1           1           1
         129           0           0           1           1           1           1           1
         130           0           0           1           1           1           1           1
         131           0           0           1           1           1           1           1
         132           0           0           1           1           1           1           1
         133           0           0           1           1           1           1           1
         134           0           0           1           1           1           1           1
         135           0           0           1           1           1           1           1
         136           0           0           1           1           1           1           1
         137           0           0           1           1           1           1           1
         138           0           0           1           1           1           1           1
         139           0           0           1           1           1           1           1
         140           0           0           1           1           1           1           1
         141           0           0           1           1           1           1           1
         142           0           0           1           1           1           1           1
         143           0           0           1           1           1           1           1
         144           0           0           1           1           1           1           1
         145           0           0           1           1           1           1           1
         146           0           0           1           1           1           1           1
         147           0           0           1           1           1           1           1
         148           0           0           1           1           1           1           1
         149           0           0           1           1           1           1           1
         150           0           0           1           1           1           1           1
         151           0           0           1           1           1           1           1
         152           0           0           1           1           1           1           1
         153           0           0           1           1           1           1           1
         154           0           0           1           1           1           1           1
         155           0           0           1           1           1           1           1
         156           0           0           1           1           1           1           1
         157           0           0           1           1           1           1           1
         158           0           0           1           1           1           1           1
         159           0           0           1           1           1           1           1
         160           0           0           1           1           1           1           1
         161           0           0           1           1           1           1           1
         162           0           0           1           1           1           1           1
         163           0           0           1           1           1           1           1
         164           0           0           1           1           1           1           1
         165           0           0           1           1           1           1           1
         166           0           0           1           1           1           1           1
         167           0           0           1           1           1           1           1
         168           0           0           1           1           1           1           1
         169           0           0           1           1           1           1           1
         170           0           0           1           1           1           1           1
         171           0           0           1           1           1           1           1
         172           0           0           1           1           1           1           1
         173           0           0           1           1           1           1           1
         174           0           0           1           1           1           1           1
         175           0           0           1           1           1           1           1
         176           0           0           1           1           1           1           1
         177           0           0           1           1           1           1           1
         178           0           0           1           1           1           1           1
         179           0           0           1           1           1           1           1
         180           0           0           1           1           1           1           1
         181           0           0           1           1           1           1           1
         182           0           0           1           1           1           1           1
         183           0           0           1           1           1           1           1
         184           0           0           1           1           1           1           1
         185           0           0           1           1           1           1           1
         186           0           0           1           1           1           1           1
         187           0           0           1           1           1           1           1
         188           0           0           1           1           1           1           1
         189           0           0           1           1           1           1           1
         190           0           0           1           1           1           1           1
         191           0           0           1           1           1           1           1
         192           0           0           1           1           1           1           1
         193           0           0           1           1           1           1           1
         194           0           0           1           1           1           1           1
         195           0           0           1           1           1           1           1
         196           0           0           1           1           1           1           1
         197           0           0           1           1           1           1           1
         198           0           0           1           1           1           1           1
         199           0           0           1           1           1           1           1
         200           0           0           1           1           1           1           1
         201           0           0           1           1           1           1           1
         202           0           0           1           1           1           1           1
         203           0           0           1           1           1           1           1
         204           0           0           1           1           1           1           1
         205           0           0           1           1           1           1           1
         206           0           0           1           1           1           1           1
         207           0           0           1           1           1           1           1
         208           0           0           1           1           1           1           1
         209           0           0           1           1           1           1           1
         210           0           0           1           1           1           1           1
         211           0           0           1           1           1           1           1
         212           0           0           1           1           1           1           1
         213           0           0           1           1           1           1           1
         214           0           0           1           1           1           1           1
         215           0           0           1           1           1           1           1
         216           0           0           1           1           1           1           1
         217           0           0           1           1           1           1           1
         218           0           0           1           1           1           1           1
         219           0           0           1           1           1           1           1
         220           0           0           1           1           1           1           1
         221           0           0           1           1           1           1           1
         222           0           0           1           1           1           1           1
         223           0           0           1           1           1           1           1
         224           0           0           1           1           1           1           1
         225           0           0           1           1           1           1           1
         226           0           0           1           1           1           1           1
         227           0           0           1           1           1           1           1
         228           0           0           1           1           1           1           1
         229           0           0           1           1           1           1           1
         230           0           0           1           1           1           1           1
         231           0           0           1           1           1           1           1
         232           0           0           1           1           1           1           1
         233           0           0           1           1           1           1           1
         234           0           0           1           1           1           1           1
         235           0           0           1           1           1           1           1
         236           0           0           1           1           1           1           1
         237           0           0           1           1           1           1           1
         238           0           0           1           1           1           1           1
         239           0           0           1           1           1           1           1
!IDS: NODE NUMBER    DXI         DYI         DZI	                    [IDS MATRIX: THE NODAL LOCATION FOR ENFORCED DISPLACEMENT & DIS MATRIX: THE VALUE OF DISPLACEMENTS IN GLOBAL COO.]
!IDK: NODE NUMBER    DXI         DYI         DZI         KXI         KYI         KZI   
!     IGROUP     IELTYPE         NEL       NCRIT        NMAT        NULD    JINERTIA
           1           6          20           0           1           0           0
!       IMAT           E         POI       GAMMA           N       SIGY0       HPRIM         GRV     [IF IELTYPE.EQ.4 ------>  N=PHI(FRICTIONAL ANGEL IN MOHR-COULOMB[DEGREE]) & SIGY0=C*COS(PHI) IN MOHR-COULOMB]
           12.750000E+06       0.200 2.480000000      00.000     000.000   00000.000       9.810
!       IULD       KTYPE          PR       NFACE        LDIR       XIREF
!        IEL   [N1    N2    N3    N4    N5    N6    N7    N8    N9   N10   N11   N12   N13   N14   N15   N16   N17   N18   N19   N20] IMAT  NINT [ IULD(J) ,J=1,6]
           1     3    17    15     1    11    16    10     2     0     0     0     0     0     0     0     0     0     0     0     0     1     3  0  0  0  0  0  0
           2     5    19    17     3    12    18    11     4     0     0     0     0     0     0     0     0     0     0     0     0     1     3  0  0  0  0  0  0
           3     7    21    19     5    13    20    12     6     0     0     0     0     0     0     0     0     0     0     0     0     1     3  0  0  0  0  0  0
           4     9    23    21     7    14    22    13     8     0     0     0     0     0     0     0     0     0     0     0     0     1     3  0  0  0  0  0  0
           5    17    31    29    15    25    30    24    16     0     0     0     0     0     0     0     0     0     0     0     0     1     3  0  0  0  0  0  0
           6    19    33    31    17    26    32    25    18     0     0     0     0     0     0     0     0     0     0     0     0     1     3  0  0  0  0  0  0
           7    21    35    33    19    27    34    26    20     0     0     0     0     0     0     0     0     0     0     0     0     1     3  0  0  0  0  0  0
           8    23    37    35    21    28    36    27    22     0     0     0     0     0     0     0     0     0     0     0     0     1     3  0  0  0  0  0  0
           9    31    45    43    29    39    44    38    30     0     0     0     0     0     0     0     0     0     0     0     0     1     3  0  0  0  0  0  0
          10    33    47    45    31    40    46    39    32     0     0     0     0     0     0     0     0     0     0     0     0     1     3  0  0  0  0  0  0
          11    35    49    47    33    41    48    40    34     0     0     0     0     0     0     0     0     0     0     0     0     1     3  0  0  0  0  0  0
          12    37    51    49    35    42    50    41    36     0     0     0     0     0     0     0     0     0     0     0     0     1     3  0  0  0  0  0  0
          13    45    59    57    43    53    58    52    44     0     0     0     0     0     0     0     0     0     0     0     0     1     3  0  0  0  0  0  0
          14    47    61    59    45    54    60    53    46     0     0     0     0     0     0     0     0     0     0     0     0     1     3  0  0  0  0  0  0
          15    49    63    61    47    55    62    54    48     0     0     0     0     0     0     0     0     0     0     0     0     1     3  0  0  0  0  0  0
          16    51    65    63    49    56    64    55    50     0     0     0     0     0     0     0     0     0     0     0     0     1     3  0  0  0  0  0  0
          17    59    71    71    57    67    71    66    58     0     0     0     0     0     0     0     0     0     0     0     0     1     3  0  0  0  0  0  0
          18    61    71    71    59    68    71    67    60     0     0     0     0     0     0     0     0     0     0     0     0     1     3  0  0  0  0  0  0
          19    63    71    71    61    69    71    68    62     0     0     0     0     0     0     0     0     0     0     0     0     1     3  0  0  0  0  0  0
          20    65    71    71    63    70    71    69    64     0     0     0     0     0     0     0     0     0     0     0     0     1     3  0  0  0  0  0  0
!     IGROUP     IELTYPE         NEL       NCRIT        NMAT        NULD    JINERTIA
           2           5          48           0           1           3           1
!       IMAT           E         POI       GAMMA           N       SIGY0       HPRIM         GRV     [IF IELTYPE.EQ.4 ------>  N=PHI(FRICTIONAL ANGEL IN MOHR-COULOMB[DEGREE]) & SIGY0=C*COS(PHI) IN MOHR-COULOMB]
           15.500000E+06       0.333 2.640000000      00.000     000.000   00000.000       9.810
!       IULD       KTYPE          PR       NFACE        LDIR       XIREF
           1           3        0.00           1           0     000.000
           2           3        0.00           2           0     000.000
           3           3        0.00           4           0     000.000
!        IEL   [N1    N2    N3    N4    N5    N6    N7    N8    N9   N10   N11   N12   N13   N14   N15   N16   N17   N18   N19   N20] IMAT  NINT [ IULD(J) ,J=1,6]
           1   103    74    72   101    89    73    88   102     0     0     0     0     0     0     0     0     0     0     0     0     1     3  0  1  0  0  0  0
           2   105    76    74   103    90    75    89   104     0     0     0     0     0     0     0     0     0     0     0     0     1     3  0  0  0  0  0  0
           3   107    78    76   105    91    77    90   106     0     0     0     0     0     0     0     0     0     0     0     0     1     3  0  0  0  0  0  0
           4   109     1    78   107    92    79    91   108     0     0     0     0     0     0     0     0     0     0     0     0     1     3  0  0  0  0  0  0
           5   111     3     1   109    93     2    92   110     0     0     0     0     0     0     0     0     0     0     0     0     1     3  0  0  0  0  0  0
           6   113     5     3   111    94     4    93   112     0     0     0     0     0     0     0     0     0     0     0     0     1     3  0  0  0  0  0  0
           7   115     7     5   113    95     6    94   114     0     0     0     0     0     0     0     0     0     0     0     0     1     3  0  0  0  0  0  0
           8   117     9     7   115    96     8    95   116     0     0     0     0     0     0     0     0     0     0     0     0     1     3  0  0  0  0  0  0
           9   119    81     9   117    97    80    96   118     0     0     0     0     0     0     0     0     0     0     0     0     1     3  0  0  0  0  0  0
          10   121    83    81   119    98    82    97   120     0     0     0     0     0     0     0     0     0     0     0     0     1     3  0  0  0  0  0  0
          11   123    85    83   121    99    84    98   122     0     0     0     0     0     0     0     0     0     0     0     0     1     3  0  0  0  0  0  0
          12   125    87    85   123   100    86    99   124     0     0     0     0     0     0     0     0     0     0     0     0     1     3  1  0  0  0  0  0
          13   141   103   101   139   127   102   126   140     0     0     0     0     0     0     0     0     0     0     0     0     1     3  0  1  0  0  0  0
          14   143   105   103   141   128   104   127   142     0     0     0     0     0     0     0     0     0     0     0     0     1     3  0  0  0  0  0  0
          15   145   107   105   143   129   106   128   144     0     0     0     0     0     0     0     0     0     0     0     0     1     3  0  0  0  0  0  0
          16   147   109   107   145   130   108   129   146     0     0     0     0     0     0     0     0     0     0     0     0     1     3  0  0  0  0  0  0
          17   149   111   109   147   131   110   130   148     0     0     0     0     0     0     0     0     0     0     0     0     1     3  0  0  0  0  0  0
          18   151   113   111   149   132   112   131   150     0     0     0     0     0     0     0     0     0     0     0     0     1     3  0  0  0  0  0  0
          19   153   115   113   151   133   114   132   152     0     0     0     0     0     0     0     0     0     0     0     0     1     3  0  0  0  0  0  0
          20   155   117   115   153   134   116   133   154     0     0     0     0     0     0     0     0     0     0     0     0     1     3  0  0  0  0  0  0
          21   157   119   117   155   135   118   134   156     0     0     0     0     0     0     0     0     0     0     0     0     1     3  0  0  0  0  0  0
          22   159   121   119   157   136   120   135   158     0     0     0     0     0     0     0     0     0     0     0     0     1     3  0  0  0  0  0  0
          23   161   123   121   159   137   122   136   160     0     0     0     0     0     0     0     0     0     0     0     0     1     3  0  0  0  0  0  0
          24   163   125   123   161   138   124   137   162     0     0     0     0     0     0     0     0     0     0     0     0     1     3  1  0  0  0  0  0
          25   179   141   139   177   165   140   164   178     0     0     0     0     0     0     0     0     0     0     0     0     1     3  0  1  0  0  0  0
          26   181   143   141   179   166   142   165   180     0     0     0     0     0     0     0     0     0     0     0     0     1     3  0  0  0  0  0  0
          27   183   145   143   181   167   144   166   182     0     0     0     0     0     0     0     0     0     0     0     0     1     3  0  0  0  0  0  0
          28   185   147   145   183   168   146   167   184     0     0     0     0     0     0     0     0     0     0     0     0     1     3  0  0  0  0  0  0
          29   187   149   147   185   169   148   168   186     0     0     0     0     0     0     0     0     0     0     0     0     1     3  0  0  0  0  0  0
          30   189   151   149   187   170   150   169   188     0     0     0     0     0     0     0     0     0     0     0     0     1     3  0  0  0  0  0  0
          31   191   153   151   189   171   152   170   190     0     0     0     0     0     0     0     0     0     0     0     0     1     3  0  0  0  0  0  0
          32   193   155   153   191   172   154   171   192     0     0     0     0     0     0     0     0     0     0     0     0     1     3  0  0  0  0  0  0
          33   195   157   155   193   173   156   172   194     0     0     0     0     0     0     0     0     0     0     0     0     1     3  0  0  0  0  0  0
          34   197   159   157   195   174   158   173   196     0     0     0     0     0     0     0     0     0     0     0     0     1     3  0  0  0  0  0  0
          35   199   161   159   197   175   160   174   198     0     0     0     0     0     0     0     0     0     0     0     0     1     3  0  0  0  0  0  0
          36   201   163   161   199   176   162   175   200     0     0     0     0     0     0     0     0     0     0     0     0     1     3  1  0  0  0  0  0
          37   217   179   177   215   203   178   202   216     0     0     0     0     0     0     0     0     0     0     0     0     1     3  0  1  1  0  0  0
          38   219   181   179   217   204   180   203   218     0     0     0     0     0     0     0     0     0     0     0     0     1     3  0  0  1  0  0  0
          39   221   183   181   219   205   182   204   220     0     0     0     0     0     0     0     0     0     0     0     0     1     3  0  0  1  0  0  0
          40   223   185   183   221   206   184   205   222     0     0     0     0     0     0     0     0     0     0     0     0     1     3  0  0  1  0  0  0
          41   225   187   185   223   207   186   206   224     0     0     0     0     0     0     0     0     0     0     0     0     1     3  0  0  1  0  0  0
          42   227   189   187   225   208   188   207   226     0     0     0     0     0     0     0     0     0     0     0     0     1     3  0  0  1  0  0  0
          43   229   191   189   227   209   190   208   228     0     0     0     0     0     0     0     0     0     0     0     0     1     3  0  0  1  0  0  0
          44   231   193   191   229   210   192   209   230     0     0     0     0     0     0     0     0     0     0     0     0     1     3  0  0  1  0  0  0
          45   233   195   193   231   211   194   210   232     0     0     0     0     0     0     0     0     0     0     0     0     1     3  0  0  1  0  0  0
          46   235   197   195   233   212   196   211   234     0     0     0     0     0     0     0     0     0     0     0     0     1     3  0  0  1  0  0  0
          47   237   199   197   235   213   198   212   236     0     0     0     0     0     0     0     0     0     0     0     0     1     3  0  0  1  0  0  0
          48   239   201   199   237   214   200   213   238     0     0     0     0     0     0     0     0     0     0     0     0     1     3  1  0  1  0  0  0
 !	DRM LAYER ID , NUM ELEMENTS IN LAYER , NUM NODE IN LAYER(NON-ZERO ONLY FOR DRM ANALYSIS)
           1          12          63
 !	ID OF ELEMENTS IN DRM LAYER
           3
          10
          15
          22
          27
          28
          29
          30
          31
          32
          33
          34
 !	NODE INDEX CORRESPONDENCE:
         148          76
         149          77
         150          78
         153          81
         154          82
         155          83
         270          90
         271          91
         277          97
         278          98
         393         105
         394         106
         395         107
         407         119
         408         120
         409         121
         524         128
         525         129
         531         135
         532         136
         647         143
         648         144
         649         145
         650         146
         651         147
         652         148
         653         149
         654         150
         655         151
         656         152
         657         153
         658         154
         659         155
         660         156
         661         157
         662         158
         663         159
         778         166
         779         167
         780         168
         781         169
         782         170
         783         171
         784         172
         785         173
         786         174
         901         181
         902         182
         903         183
         904         184
         905         185
         906         186
         907         187
         908         188
         909         189
         910         190
         911         191
         912         192
         913         193
         914         194
         915         195
         916         196
         917         197
!	  CONCENTRATED NODAL LOADS IN THE STRUCTURE:
!     NUMBER OF POINT LOADS IN THIS STRUCTURE:             0
!     NODE NUMBER    PXI         PYI         PZI
!	  LOAD CONDITIONS FOR STRUCTURE:
!        LOADC NU.      DEAD WEIGHTS         POINTLOAD       SURFACE-PRS     ENFORCED-DISP       EQ IN X-DIR       EQ IN Y-DIR       EQ IN Z-DIR
                 1             1.000             0.000             1.000             0.000             9.810             0.000             0.000
!	 LOAD CONDITIONS TIME DEPENDNCY:              TMIN              TMAX            NSTEP2
                                                 -0.02             54.38                 3
!------------------------------------------------------------------------
!            IFUNC             NTIME [IFUNC.EQ.1: DEAD WEIGHTS]
                 1                 3
!   [T    F1     T    F1     T    F1     T    F1     T    F1     T    F1]
 -0.02 1.000 -0.01 1.000  0.00 1.000  0.00 1.000  0.00 1.000  0.00 1.000
!------------------------------------------------------------------------
!            IFUNC             NTIME [IFUNC.EQ.2: POINTLOAD]
                 2                 0
!   [T    F2     T    F2     T    F2     T    F2     T    F2     T    F2]
!------------------------------------------------------------------------
!            IFUNC             NTIME [IFUNC.EQ.3: SURFACE-PRS]
                 3                 3
!   [T    F3     T    F3     T    F3     T    F3     T    F3     T    F3]
 -0.02 0.000 -0.01 1.000  0.00 1.000  0.00 1.000  0.00 1.000  0.00 1.000
!------------------------------------------------------------------------
!            IFUNC             NTIME [IFUNC.EQ.4: ENFORCED-DISP]
                 4                 0
!   [T    F4     T    F4     T    F4     T    F4     T    F4     T    F4]
!------------------------------------------------------------------------
!            IFUNC             NTIME [IFUNC.EQ.5: EQ IN X-DIR]
                 5              2720
!   [T    F5     T    F5     T    F5     T    F5     T    F5     T    F5]
  0.00-0.006  0.02-0.002  0.04 0.004  0.06 0.010  0.08 0.005  0.10 0.000
  0.12-0.004  0.14-0.003  0.16 0.001  0.18 0.005  0.20 0.004  0.22-0.003
  0.24-0.009  0.26-0.009  0.28-0.006  0.30-0.001  0.32 0.000  0.34 0.000
  0.36 0.004  0.38 0.011  0.40 0.012  0.42 0.007  0.44 0.004  0.46 0.002
  0.48 0.002  0.50 0.002  0.52-0.004  0.54-0.008  0.56-0.001  0.58 0.006
  0.60 0.003  0.62-0.010  0.64-0.012  0.66-0.005  0.68 0.005  0.70 0.001
  0.72-0.004  0.74-0.003  0.76 0.006  0.78 0.007  0.80-0.007  0.82-0.011
  0.84 0.003  0.86 0.017  0.88 0.010  0.90-0.005  0.92-0.007  0.94 0.004
  0.96 0.005  0.98-0.003  1.00 0.004  1.02 0.015  1.04 0.023  1.06 0.018
  1.08 0.019  1.10 0.013  1.12-0.001  1.14-0.009  1.16-0.007  1.18-0.005
  1.20 0.004  1.22 0.006  1.24-0.001  1.26-0.004  1.28 0.000  1.30-0.002
  1.32-0.009  1.34-0.011  1.36-0.015  1.38-0.019  1.40-0.016  1.42-0.008
  1.44 0.000  1.46 0.008  1.48 0.004  1.50-0.008  1.52-0.018  1.54-0.012
  1.56 0.001  1.58 0.011  1.60 0.009  1.62 0.008  1.64 0.009  1.66 0.010
  1.68 0.002  1.70-0.005  1.72-0.001  1.74 0.007  1.76 0.017  1.78 0.020
  1.80 0.014  1.82 0.005  1.84 0.003  1.86 0.012  1.88 0.024  1.90 0.024
  1.92 0.006  1.94-0.007  1.96-0.011  1.98-0.009  2.00-0.004  2.02 0.002
  2.04 0.002  2.06-0.016  2.08-0.027  2.10-0.009  2.12 0.016  2.14 0.022
  2.16 0.017  2.18 0.021  2.20 0.025  2.22 0.019  2.24 0.004  2.26-0.011
  2.28-0.024  2.30-0.009  2.32 0.014  2.34 0.037  2.36 0.031  2.38 0.016
  2.40 0.012  2.42 0.007  2.44-0.008  2.46-0.013  2.48-0.013  2.50-0.008
  2.52 0.007  2.54 0.023  2.56 0.023  2.58 0.020  2.60 0.026  2.62 0.024
  2.64 0.012  2.66-0.001  2.68-0.009  2.70-0.011  2.72-0.015  2.74-0.021
  2.76-0.020  2.78-0.017  2.80-0.019  2.82-0.018  2.84-0.009  2.86-0.002
  2.88-0.005  2.90-0.005  2.92-0.004  2.94-0.009  2.96-0.008  2.98-0.002
  3.00 0.003  3.02-0.005  3.04-0.022  3.06-0.036  3.08-0.033  3.10-0.024
  3.12-0.033  3.14-0.049  3.16-0.058  3.18-0.062  3.20-0.072  3.22-0.066
  3.24-0.055  3.26-0.053  3.28-0.050  3.30-0.051  3.32-0.053  3.34-0.057
  3.36-0.049  3.38-0.035  3.40-0.026  3.42-0.017  3.44-0.015  3.46-0.026
  3.48-0.040  3.50-0.046  3.52-0.044  3.54-0.024  3.56 0.003  3.58 0.033
  3.60 0.056  3.62 0.076  3.64 0.094  3.66 0.120  3.68 0.149  3.70 0.179
  3.72 0.164  3.74 0.119  3.76 0.069  3.78 0.019  3.80-0.035  3.82-0.065
  3.84-0.062  3.86-0.056  3.88-0.046  3.90-0.048  3.92-0.056  3.94-0.066
  3.96-0.057  3.98-0.038  4.00-0.017  4.02 0.005  4.04 0.005  4.06-0.009
  4.08-0.023  4.10-0.040  4.12-0.047  4.14-0.021  4.16 0.014  4.18 0.051
  4.20 0.085  4.22 0.069  4.24 0.037  4.26-0.002  4.28-0.002  4.30 0.031
  4.32 0.066  4.34 0.076  4.36 0.071  4.38 0.063  4.40 0.034  4.42 0.003
  4.44-0.032  4.46-0.046  4.48-0.045  4.50-0.017  4.52 0.036  4.54 0.094
  4.56 0.123  4.58 0.084  4.60 0.034  4.62-0.022  4.64-0.038  4.66-0.054
  4.68-0.056  4.70-0.037  4.72-0.015  4.74 0.011  4.76 0.035  4.78 0.062
  4.80 0.070  4.82 0.046  4.84 0.021  4.86 0.001  4.88-0.032  4.90-0.086
  4.92-0.113  4.94-0.088  4.96-0.051  4.98-0.010  5.00 0.031  5.02 0.040
  5.04 0.028  5.06 0.011  5.08 0.005  5.10 0.001  5.12-0.019  5.14-0.040
  5.16-0.053  5.18-0.043  5.20-0.029  5.22-0.018  5.24-0.028  5.26-0.041
  5.28-0.057  5.30-0.068  5.32-0.046  5.34-0.015  5.36 0.019  5.38 0.053
  5.40 0.088  5.42 0.111  5.44 0.114  5.46 0.105  5.48 0.090  5.50 0.063
  5.52 0.028  5.54-0.008  5.56-0.044  5.58-0.051  5.60-0.042  5.62-0.037
  5.64-0.048  5.66-0.063  5.68-0.078  5.70-0.093  5.72-0.074  5.74-0.036
  5.76 0.007  5.78 0.043  5.80 0.030  5.82 0.002  5.84-0.015  5.86 0.008
  5.88 0.037  5.90 0.073  5.92 0.091  5.94 0.064  5.96 0.030  5.98-0.012
  6.00-0.022  6.02 0.005  6.04 0.024  6.06 0.033  6.08 0.042  6.10 0.037
  6.12 0.023  6.14 0.008  6.16-0.007  6.18-0.015  6.20-0.015  6.22 0.001
  6.24 0.029  6.26 0.033  6.28 0.017  6.30-0.007  6.32-0.002  6.34 0.034
  6.36 0.076  6.38 0.096  6.40 0.073  6.42 0.063  6.44 0.032  6.46-0.008
  6.48-0.052  6.50-0.097  6.52-0.140  6.54-0.149  6.56-0.146  6.58-0.141
  6.60-0.136  6.62-0.137  6.64-0.137  6.66-0.111  6.68-0.078  6.70-0.042
  6.72-0.005  6.74 0.030  6.76 0.068  6.78 0.085  6.80 0.059  6.82 0.029
  6.84-0.009  6.86-0.023  6.88-0.009  6.90 0.009  6.92 0.028  6.94 0.049
  6.96 0.056  6.98 0.037  7.00 0.014  7.02-0.012  7.04-0.037  7.06-0.060
  7.08-0.052  7.10-0.033  7.12-0.012  7.14 0.011  7.16 0.032  7.18 0.055
  7.20 0.076  7.22 0.101  7.24 0.103  7.26 0.071  7.28 0.035  7.30-0.007
  7.32-0.033  7.34-0.013  7.36 0.001  7.38-0.016  7.40-0.040  7.42-0.059
  7.44-0.039  7.46-0.017  7.48-0.023  7.50-0.040  7.52-0.039  7.54-0.014
  7.56 0.012  7.58 0.042  7.60 0.069  7.62 0.100  7.64 0.112  7.66 0.109
  7.68 0.101  7.70 0.098  7.72 0.103  7.74 0.104  7.76 0.074  7.78 0.036
  7.80-0.006  7.82-0.046  7.84-0.091  7.86-0.097  7.88-0.042  7.90-0.016
  7.92-0.037  7.94-0.069  7.96-0.083  7.98-0.045  8.00-0.037  8.02-0.021
  8.04 0.022  8.06 0.068  8.08 0.085  8.10 0.057  8.12 0.014  8.14-0.031
  8.16-0.078  8.18-0.080  8.20-0.044  8.22-0.007  8.24-0.004  8.26-0.015
  8.28-0.014  8.30-0.010  8.32-0.014  8.34-0.022  8.36-0.008  8.38 0.017
  8.40 0.044  8.42 0.039  8.44 0.009  8.46-0.018  8.48-0.037  8.50-0.053
  8.52-0.073  8.54-0.089  8.56-0.090  8.58-0.060  8.60-0.015  8.62 0.038
  8.64 0.064  8.66 0.054  8.68 0.042  8.70 0.031  8.72 0.030  8.74 0.024
  8.76 0.014  8.78 0.014  8.80 0.032  8.82 0.055  8.84 0.063  8.86 0.044
  8.88 0.022  8.90-0.004  8.92-0.029  8.94-0.033  8.96-0.015  8.98 0.003
  9.00 0.029  9.02 0.064  9.04 0.107  9.06 0.114  9.08 0.085  9.10 0.050
  9.12 0.009  9.14-0.031  9.16-0.072  9.18-0.111  9.20-0.105  9.22-0.066
  9.24-0.034  9.26-0.018  9.28 0.013  9.30 0.049  9.32 0.092  9.34 0.103
  9.36 0.080  9.38 0.052  9.40 0.026  9.42 0.015  9.44 0.006  9.46-0.002
  9.48-0.015  9.50-0.030  9.52-0.046  9.54-0.057  9.56-0.048  9.58-0.033
  9.60-0.022  9.62-0.027  9.64-0.016  9.66 0.015  9.68 0.049  9.70 0.077
  9.72 0.068  9.74 0.052  9.76 0.042  9.78 0.032  9.80 0.003  9.82-0.030
  9.84-0.049  9.86-0.066  9.88-0.072  9.90-0.059  9.92-0.046  9.94-0.029
  9.96-0.025  9.98-0.040 10.00-0.060 10.02-0.068 10.04-0.048 10.06-0.024
 10.08 0.000 10.10-0.010 10.12-0.035 10.14-0.051 10.16-0.027 10.18 0.004
 10.20 0.043 10.22 0.057 10.24 0.035 10.26 0.007 10.28-0.022 10.30-0.017
 10.32-0.005 10.34-0.012 10.36-0.030 10.38-0.023 10.40-0.001 10.42 0.015
 10.44 0.010 10.46 0.001 10.48-0.009 10.50-0.003 10.52 0.007 10.54 0.015
 10.56 0.016 10.58 0.025 10.60 0.035 10.62 0.049 10.64 0.054 10.66 0.042
 10.68 0.027 10.70 0.027 10.72 0.031 10.74 0.025 10.76 0.008 10.78 0.007
 10.80 0.026 10.82 0.045 10.84 0.041 10.86 0.025 10.88 0.023 10.90 0.031
 10.92 0.034 10.94 0.021 10.96 0.003 10.98-0.017 11.00-0.034 11.02-0.049
 11.04-0.064 11.06-0.086 11.08-0.083 11.10-0.051 11.12-0.016 11.14 0.021
 11.16 0.061 11.18 0.071 11.20 0.035 11.22-0.003 11.24-0.051 11.26-0.070
 11.28-0.066 11.30-0.059 11.32-0.034 11.34-0.007 11.36 0.023 11.38 0.043
 11.40 0.054 11.42 0.060 11.44 0.040 11.46 0.012 11.48-0.014 11.50-0.025
 11.52-0.021 11.54-0.010 11.56 0.002 11.58-0.001 11.60 0.000 11.62 0.013
 11.64 0.025 11.66 0.040 11.68 0.035 11.70 0.015 11.72-0.007 11.74-0.030
 11.76-0.053 11.78-0.057 11.80-0.051 11.82-0.051 11.84-0.055 11.86-0.048
 11.88-0.027 11.90-0.005 11.92 0.020 11.94 0.033 11.96 0.036 11.98 0.032
 12.00 0.027 12.02 0.021 12.04 0.014 12.06 0.011 12.08 0.024 12.10 0.042
 12.12 0.053 12.14 0.036 12.16 0.013 12.18-0.013 12.20-0.028 12.22-0.039
 12.24-0.048 12.26-0.051 12.28-0.039 12.30-0.023 12.32-0.008 12.34-0.011
 12.36-0.018 12.38-0.026 12.40-0.017 12.42 0.007 12.44 0.031 12.46 0.056
 12.48 0.043 12.50 0.009 12.52-0.030 12.54-0.046 12.56-0.036 12.58-0.027
 12.60-0.016 12.62-0.001 12.64 0.016 12.66 0.023 12.68 0.019 12.70 0.026
 12.72 0.036 12.74 0.045 12.76 0.045 12.78 0.042 12.80 0.027 12.82 0.007
 12.84-0.015 12.86-0.028 12.88-0.027 12.90-0.026 12.92-0.033 12.94-0.042
 12.96-0.034 12.98-0.020 13.00-0.004 13.02 0.013 13.04 0.029 13.06 0.039
 13.08 0.041 13.10 0.036 13.12 0.030 13.14 0.024 13.16 0.035 13.18 0.048
 13.20 0.028 13.22-0.002 13.24-0.037 13.26-0.067 13.28-0.083 13.30-0.093
 13.32-0.105 13.34-0.099 13.36-0.070 13.38-0.037 13.40-0.002 13.42 0.035
 13.44 0.055 13.46 0.043 13.48 0.029 13.50 0.009 13.52-0.009 13.54-0.025
 13.56-0.015 13.58 0.002 13.60 0.022 13.62 0.026 13.64 0.017 13.66 0.006
 13.68-0.006 13.70-0.007 13.72-0.002 13.74 0.001 13.76 0.005 13.78 0.009
 13.80 0.014 13.82 0.012 13.84 0.016 13.86 0.033 13.88 0.042 13.90 0.029
 13.92 0.011 13.94-0.011 13.96-0.019 13.98-0.014 14.00-0.008 14.02-0.006
 14.04 0.000 14.06 0.013 14.08 0.028 14.10 0.031 14.12 0.003 14.14-0.029
 14.16-0.066 14.18-0.078 14.20-0.066 14.22-0.051 14.24-0.041 14.26-0.036
 14.28-0.015 14.30 0.004 14.32 0.016 14.34 0.010 14.36-0.006 14.38-0.010
 14.40-0.003 14.42 0.007 14.44 0.004 14.46-0.012 14.48-0.018 14.50-0.025
 14.52-0.033 14.54-0.036 14.56-0.034 14.58-0.032 14.60-0.028 14.62-0.010
 14.64 0.010 14.66 0.032 14.68 0.043 14.70 0.046 14.72 0.046 14.74 0.040
 14.76 0.035 14.78 0.042 14.80 0.054 14.82 0.056 14.84 0.046 14.86 0.030
 14.88 0.004 14.90-0.023 14.92-0.052 14.94-0.074 14.96-0.071 14.98-0.061
 15.00-0.049 15.02-0.033 15.04-0.011 15.06 0.012 15.08 0.036 15.10 0.058
 15.12 0.059 15.14 0.051 15.16 0.041 15.18 0.030 15.20 0.019 15.22 0.009
 15.24 0.003 15.26 0.001 15.28-0.009 15.30-0.017 15.32-0.025 15.34-0.027
 15.36-0.020 15.38-0.013 15.40-0.020 15.42-0.034 15.44-0.051 15.46-0.041
 15.48-0.015 15.50 0.013 15.52 0.041 15.54 0.040 15.56 0.024 15.58 0.008
 15.60-0.004 15.62-0.012 15.64-0.022 15.66-0.016 15.68 0.004 15.70 0.025
 15.72 0.050 15.74 0.065 15.76 0.071 15.78 0.077 15.80 0.075 15.82 0.058
 15.84 0.039 15.86 0.019 15.88-0.002 15.90-0.020 15.92-0.014 15.94-0.003
 15.96 0.013 15.98 0.023 16.00 0.019 16.02 0.012 16.04 0.008 16.06 0.001
 16.08-0.016 16.10-0.033 16.12-0.053 16.14-0.062 16.16-0.049 16.18-0.030
 16.20-0.012 16.22-0.007 16.24-0.001 16.26 0.004 16.28 0.006 16.30 0.008
 16.32 0.012 16.34 0.015 16.36 0.022 16.38 0.026 16.40 0.028 16.42 0.027
 16.44 0.020 16.46 0.013 16.48 0.009 16.50 0.001 16.52-0.009 16.54-0.020
 16.56-0.029 16.58-0.033 16.60-0.026 16.62-0.018 16.64-0.011 16.66-0.006
 16.68 0.003 16.70 0.014 16.72 0.021 16.74 0.013 16.76 0.000 16.78-0.011
 16.80-0.014 16.82-0.017 16.84-0.022 16.86-0.032 16.88-0.029 16.90-0.018
 16.92-0.006 16.94-0.009 16.96-0.016 16.98-0.023 17.00-0.020 17.02-0.015
 17.04-0.009 17.06-0.003 17.08 0.004 17.10 0.009 17.12 0.010 17.14 0.007
 17.16 0.010 17.18 0.015 17.20 0.021 17.22 0.018 17.24 0.007 17.26-0.003
 17.28 0.004 17.30 0.023 17.32 0.042 17.34 0.062 17.36 0.059 17.38 0.043
 17.40 0.025 17.42 0.006 17.44-0.013 17.46-0.020 17.48-0.018 17.50-0.018
 17.52-0.022 17.54-0.024 17.56-0.021 17.58-0.020 17.60-0.026 17.62-0.028
 17.64-0.027 17.66-0.027 17.68-0.032 17.70-0.017 17.72 0.002 17.74 0.025
 17.76 0.039 17.78 0.042 17.80 0.035 17.82 0.020 17.84 0.004 17.86-0.003
 17.88-0.001 17.90 0.001 17.92-0.004 17.94-0.012 17.96-0.008 17.98 0.002
 18.00 0.012 18.02 0.012 18.04 0.008 18.06 0.011 18.08 0.017 18.10 0.022
 18.12 0.027 18.14 0.032 18.16 0.034 18.18 0.024 18.20 0.009 18.22-0.006
 18.24-0.012 18.26-0.017 18.28-0.019 18.30-0.016 18.32-0.014 18.34-0.010
 18.36-0.011 18.38-0.016 18.40-0.022 18.42-0.023 18.44-0.015 18.46-0.006
 18.48 0.002 18.50 0.000 18.52-0.006 18.54-0.013 18.56-0.019 18.58-0.011
 18.60 0.002 18.62 0.011 18.64 0.020 18.66 0.032 18.68 0.046 18.70 0.055
 18.72 0.052 18.74 0.043 18.76 0.024 18.78 0.004 18.80-0.017 18.82-0.037
 18.84-0.033 18.86-0.017 18.88 0.002 18.90 0.018 18.92 0.013 18.94 0.003
 18.96-0.010 18.98-0.018 19.00-0.020 19.02-0.024 19.04-0.033 19.06-0.036
 19.08-0.022 19.10-0.002 19.12 0.018 19.14 0.040 19.16 0.037 19.18 0.017
 19.20-0.007 19.22-0.023 19.24-0.027 19.26-0.028 19.28-0.023 19.30-0.015
 19.32 0.001 19.34 0.016 19.36 0.034 19.38 0.040 19.40 0.032 19.42 0.026
 19.44 0.022 19.46 0.018 19.48 0.012 19.50 0.006 19.52 0.005 19.54 0.008
 19.56 0.008 19.58 0.005 19.60 0.003 19.62 0.000 19.64-0.005 19.66-0.012
 19.68-0.013 19.70-0.008 19.72-0.005 19.74-0.003 19.76 0.002 19.78 0.011
 19.80 0.011 19.82 0.004 19.84-0.003 19.86-0.011 19.88-0.017 19.90-0.014
 19.92-0.008 19.94-0.006 19.96-0.018 19.98-0.026 20.00-0.033 20.02-0.026
 20.04-0.016 20.06-0.004 20.08 0.004 20.10 0.007 20.12 0.004 20.14-0.002
 20.16-0.009 20.18-0.015 20.20-0.016 20.22-0.012 20.24-0.001 20.26 0.012
 20.28 0.019 20.30 0.016 20.32 0.012 20.34 0.010 20.36 0.010 20.38 0.008
 20.40 0.011 20.42 0.019 20.44 0.030 20.46 0.026 20.48 0.008 20.50-0.010
 20.52-0.030 20.54-0.033 20.56-0.027 20.58-0.019 20.60-0.021 20.62-0.027
 20.64-0.028 20.66-0.024 20.68-0.019 20.70-0.017 20.72-0.015 20.74-0.007
 20.76 0.005 20.78 0.012 20.80 0.004 20.82-0.005 20.84-0.003 20.86 0.007
 20.88 0.017 20.90 0.014 20.92 0.003 20.94-0.007 20.96-0.015 20.98-0.023
 21.00-0.025 21.02-0.014 21.04 0.000 21.06 0.010 21.08 0.018 21.10 0.022
 21.12 0.015 21.14 0.007 21.16 0.002 21.18 0.002 21.20 0.007 21.22 0.013
 21.24 0.020 21.26 0.020 21.28 0.014 21.30 0.006 21.32 0.000 21.34-0.003
 21.36-0.002 21.38 0.000 21.40 0.008 21.42 0.018 21.44 0.024 21.46 0.027
 21.48 0.026 21.50 0.022 21.52 0.016 21.54 0.007 21.56-0.007 21.58-0.016
 21.60-0.021 21.62-0.019 21.64-0.015 21.66-0.010 21.68-0.002 21.70 0.007
 21.72 0.006 21.74 0.001 21.76-0.007 21.78-0.008 21.80 0.002 21.82 0.014
 21.84 0.026 21.86 0.037 21.88 0.033 21.90 0.024 21.92 0.013 21.94 0.002
 21.96-0.011 21.98-0.025 22.00-0.034 22.02-0.037 22.04-0.034 22.06-0.034
 22.08-0.037 22.10-0.036 22.12-0.036 22.14-0.039 22.16-0.040 22.18-0.025
 22.20-0.005 22.22 0.013 22.24 0.024 22.26 0.031 22.28 0.028 22.30 0.016
 22.32-0.006 22.34-0.017 22.36-0.024 22.38-0.017 22.40-0.006 22.42 0.007
 22.44 0.016 22.46 0.022 22.48 0.022 22.50 0.019 22.52 0.007 22.54-0.003
 22.56-0.009 22.58-0.011 22.60-0.013 22.62-0.012 22.64-0.010 22.66-0.009
 22.68-0.007 22.70 0.000 22.72 0.011 22.74 0.016 22.76 0.010 22.78 0.001
 22.80-0.012 22.82-0.020 22.84-0.025 22.86-0.027 22.88-0.023 22.90-0.018
 22.92-0.014 22.94-0.012 22.96-0.009 22.98-0.005 23.00 0.001 23.02 0.009
 23.04 0.018 23.06 0.024 23.08 0.017 23.10 0.006 23.12-0.008 23.14-0.013
 23.16-0.006 23.18 0.002 23.20 0.011 23.22 0.019 23.24 0.028 23.26 0.022
 23.28 0.008 23.30-0.006 23.32-0.014 23.34-0.018 23.36-0.018 23.38-0.019
 23.40-0.024 23.42-0.023 23.44-0.014 23.46-0.005 23.48 0.006 23.50 0.014
 23.52 0.015 23.54 0.011 23.56 0.005 23.58 0.001 23.60-0.001 23.62 0.001
 23.64 0.007 23.66 0.015 23.68 0.020 23.70 0.019 23.72 0.016 23.74 0.014
 23.76 0.015 23.78 0.017 23.80 0.016 23.82 0.014 23.84 0.013 23.86 0.015
 23.88 0.015 23.90 0.012 23.92 0.012 23.94 0.011 23.96 0.006 23.98 0.000
 24.00 0.004 24.02 0.010 24.04 0.017 24.06 0.017 24.08 0.015 24.10 0.014
 24.12 0.013 24.14 0.014 24.16 0.011 24.18 0.002 24.20-0.008 24.22-0.016
 24.24-0.018 24.26-0.020 24.28-0.022 24.30-0.025 24.32-0.025 24.34-0.018
 24.36-0.009 24.38-0.001 24.40-0.006 24.42-0.009 24.44-0.006 24.46-0.001
 24.48-0.001 24.50-0.002 24.52 0.002 24.54 0.008 24.56 0.013 24.58 0.010
 24.60 0.008 24.62 0.009 24.64 0.009 24.66 0.007 24.68 0.008 24.70 0.015
 24.72 0.019 24.74 0.016 24.76 0.011 24.78 0.006 24.80 0.001 24.82 0.001
 24.84 0.002 24.86 0.003 24.88-0.004 24.90-0.014 24.92-0.023 24.94-0.025
 24.96-0.022 24.98-0.016 25.00-0.008 25.02 0.001 25.04 0.008 25.06 0.010
 25.08 0.011 25.10 0.011 25.12 0.011 25.14 0.011 25.16 0.008 25.18-0.001
 25.20-0.012 25.22-0.020 25.24-0.018 25.26-0.014 25.28-0.016 25.30-0.020
 25.32-0.018 25.34-0.012 25.36-0.009 25.38-0.013 25.40-0.019 25.42-0.025
 25.44-0.024 25.46-0.019 25.48-0.016 25.50-0.016 25.52-0.017 25.54-0.013
 25.56-0.007 25.58-0.005 25.60-0.004 25.62-0.002 25.64 0.001 25.66 0.003
 25.68 0.006 25.70 0.008 25.72 0.011 25.74 0.019 25.76 0.027 25.78 0.031
 25.80 0.027 25.82 0.019 25.84 0.010 25.86 0.002 25.88-0.003 25.90-0.003
 25.92 0.004 25.94 0.014 25.96 0.024 25.98 0.034 26.00 0.033 26.02 0.023
 26.04 0.012 26.06 0.001 26.08-0.009 26.10-0.019 26.12-0.029 26.14-0.036
 26.16-0.029 26.18-0.020 26.20-0.010 26.22-0.001 26.24 0.007 26.26 0.004
 26.28-0.006 26.30-0.017 26.32-0.027 26.34-0.034 26.36-0.031 26.38-0.021
 26.40-0.013 26.42-0.004 26.44 0.003 26.46 0.012 26.48 0.013 26.50 0.010
 26.52 0.005 26.54 0.003 26.56 0.005 26.58 0.006 26.60 0.009 26.62 0.016
 26.64 0.017 26.66 0.013 26.68 0.013 26.70 0.012 26.72 0.007 26.74 0.000
 26.76-0.005 26.78-0.010 26.80-0.014 26.82-0.020 26.84-0.015 26.86-0.003
 26.88 0.008 26.90 0.013 26.92 0.016 26.94 0.023 26.96 0.032 26.98 0.035
 27.00 0.037 27.02 0.033 27.04 0.028 27.06 0.022 27.08 0.013 27.10 0.001
 27.12-0.007 27.14-0.006 27.16-0.005 27.18-0.011 27.20-0.017 27.22-0.023
 27.24-0.022 27.26-0.020 27.28-0.013 27.30 0.000 27.32 0.009 27.34 0.006
 27.36 0.002 27.38-0.001 27.40-0.005 27.42-0.008 27.44-0.004 27.46 0.002
 27.48 0.008 27.50 0.012 27.52 0.014 27.54 0.015 27.56 0.014 27.58 0.007
 27.60 0.000 27.62-0.004 27.64-0.008 27.66-0.012 27.68-0.015 27.70-0.009
 27.72 0.000 27.74 0.008 27.76 0.003 27.78-0.004 27.80-0.005 27.82-0.003
 27.84-0.006 27.86-0.015 27.88-0.017 27.90-0.011 27.92-0.005 27.94-0.001
 27.96 0.000 27.98-0.004 28.00-0.007 28.02-0.009 28.04-0.011 28.06-0.017
 28.08-0.016 28.10-0.006 28.12 0.007 28.14 0.014 28.16 0.007 28.18 0.002
 28.20 0.006 28.22 0.008 28.24 0.005 28.26 0.004 28.28 0.009 28.30 0.015
 28.32 0.021 28.34 0.020 28.36 0.018 28.38 0.016 28.40 0.018 28.42 0.023
 28.44 0.024 28.46 0.022 28.48 0.025 28.50 0.030 28.52 0.032 28.54 0.026
 28.56 0.021 28.58 0.018 28.60 0.015 28.62 0.005 28.64-0.007 28.66-0.017
 28.68-0.020 28.70-0.018 28.72-0.017 28.74-0.017 28.76-0.017 28.78-0.017
 28.80-0.014 28.82-0.009 28.84-0.004 28.86-0.001 28.88-0.001 28.90-0.006
 28.92-0.008 28.94-0.005 28.96-0.001 28.98 0.002 29.00 0.007 29.02 0.014
 29.04 0.022 29.06 0.022 29.08 0.014 29.10 0.006 29.12-0.004 29.14-0.008
 29.16-0.009 29.18-0.011 29.20-0.015 29.22-0.014 29.24-0.009 29.26-0.003
 29.28-0.003 29.30-0.010 29.32-0.013 29.34-0.016 29.36-0.017 29.38-0.019
 29.40-0.017 29.42-0.011 29.44-0.007 29.46-0.009 29.48-0.012 29.50-0.017
 29.52-0.023 29.54-0.026 29.56-0.022 29.58-0.015 29.60-0.007 29.62 0.002
 29.64 0.011 29.66 0.020 29.68 0.018 29.70 0.010 29.72 0.001 29.74-0.006
 29.76-0.009 29.78-0.012 29.80-0.011 29.82-0.005 29.84 0.004 29.86 0.013
 29.88 0.021 29.90 0.024 29.92 0.019 29.94 0.008 29.96-0.001 29.98-0.005
 30.00-0.005 30.02-0.002 30.04 0.001 30.06 0.002 30.08 0.003 30.10 0.002
 30.12 0.002 30.14 0.006 30.16 0.009 30.18 0.005 30.20 0.001 30.22-0.003
 30.24-0.004 30.26-0.004 30.28 0.000 30.30 0.007 30.32 0.014 30.34 0.009
 30.36-0.001 30.38-0.012 30.40-0.015 30.42-0.013 30.44-0.013 30.46-0.015
 30.48-0.018 30.50-0.022 30.52-0.027 30.54-0.033 30.56-0.037 30.58-0.035
 30.60-0.029 30.62-0.019 30.64-0.008 30.66-0.001 30.68-0.001 30.70-0.001
 30.72 0.000 30.74 0.003 30.76 0.005 30.78 0.005 30.80 0.004 30.82 0.007
 30.84 0.010 30.86 0.013 30.88 0.016 30.90 0.019 30.92 0.023 30.94 0.029
 30.96 0.035 30.98 0.032 31.00 0.020 31.02 0.007 31.04-0.006 31.06-0.016
 31.08-0.021 31.10-0.025 31.12-0.029 31.14-0.022 31.16-0.012 31.18-0.001
 31.20 0.004 31.22 0.006 31.24 0.012 31.26 0.023 31.28 0.027 31.30 0.018
 31.32 0.006 31.34 0.001 31.36 0.007 31.38 0.010 31.40 0.013 31.42 0.015
 31.44 0.018 31.46 0.014 31.48 0.006 31.50-0.002 31.52-0.010 31.54-0.009
 31.56-0.006 31.58 0.001 31.60 0.007 31.62 0.003 31.64-0.005 31.66-0.012
 31.68-0.008 31.70 0.001 31.72 0.008 31.74 0.008 31.76 0.007 31.78 0.004
 31.80 0.001 31.82-0.003 31.84-0.004 31.86 0.001 31.88 0.008 31.90 0.007
 31.92-0.003 31.94-0.010 31.96-0.017 31.98-0.016 32.00-0.011 32.02-0.006
 32.04-0.007 32.06-0.008 32.08-0.004 32.10-0.002 32.12-0.005 32.14-0.008
 32.16-0.007 32.18-0.003 32.20-0.003 32.22-0.010 32.24-0.022 32.26-0.023
 32.28-0.012 32.30-0.002 32.32 0.006 32.34 0.011 32.36 0.020 32.38 0.029
 32.40 0.037 32.42 0.037 32.44 0.036 32.46 0.034 32.48 0.031 32.50 0.027
 32.52 0.019 32.54 0.008 32.56-0.003 32.58-0.008 32.60-0.007 32.62 0.000
 32.64 0.009 32.66 0.019 32.68 0.021 32.70 0.014 32.72 0.007 32.74 0.005
 32.76 0.011 32.78 0.015 32.80 0.016 32.82 0.013 32.84 0.008 32.86 0.003
 32.88 0.006 32.90 0.013 32.92 0.021 32.94 0.029 32.96 0.026 32.98 0.019
 33.00 0.013 33.02 0.008 33.04 0.005 33.06 0.000 33.08-0.006 33.10-0.008
 33.12-0.005 33.14-0.002 33.16-0.008 33.18-0.014 33.20-0.017 33.22-0.018
 33.24-0.021 33.26-0.023 33.28-0.025 33.30-0.026 33.32-0.026 33.34-0.022
 33.36-0.017 33.38-0.013 33.40-0.015 33.42-0.017 33.44-0.018 33.46-0.017
 33.48-0.014 33.50-0.011 33.52-0.011 33.54-0.014 33.56-0.015 33.58-0.014
 33.60-0.010 33.62-0.002 33.64 0.007 33.66 0.014 33.68 0.016 33.70 0.017
 33.72 0.017 33.74 0.014 33.76 0.006 33.78-0.001 33.80-0.006 33.82-0.008
 33.84-0.005 33.86 0.003 33.88 0.013 33.90 0.019 33.92 0.016 33.94 0.008
 33.96-0.001 33.98-0.005 34.00 0.000 34.02 0.001 34.04-0.007 34.06-0.018
 34.08-0.027 34.10-0.028 34.12-0.026 34.14-0.022 34.16-0.017 34.18-0.011
 34.20-0.005 34.22 0.000 34.24 0.000 34.26-0.004 34.28-0.005 34.30 0.003
 34.32 0.009 34.34 0.004 34.36-0.005 34.38-0.011 34.40-0.006 34.42 0.003
 34.44 0.006 34.46 0.001 34.48-0.002 34.50-0.001 34.52 0.004 34.54 0.008
 34.56 0.006 34.58-0.001 34.60-0.004 34.62-0.003 34.64-0.004 34.66-0.013
 34.68-0.019 34.70-0.013 34.72-0.006 34.74-0.002 34.76-0.004 34.78-0.006
 34.80-0.007 34.82-0.006 34.84-0.006 34.86-0.005 34.88-0.006 34.90-0.002
 34.92 0.006 34.94 0.014 34.96 0.012 34.98 0.007 35.00 0.003 35.02 0.002
 35.04-0.002 35.06-0.010 35.08-0.015 35.10-0.010 35.12-0.001 35.14 0.003
 35.16-0.004 35.18-0.013 35.20-0.018 35.22-0.008 35.24 0.003 35.26 0.017
 35.28 0.030 35.30 0.038 35.32 0.035 35.34 0.028 35.36 0.018 35.38 0.008
 35.40-0.002 35.42-0.008 35.44-0.010 35.46-0.011 35.48-0.012 35.50-0.015
 35.52-0.019 35.54-0.023 35.56-0.022 35.58-0.019 35.60-0.015 35.62-0.011
 35.64-0.007 35.66-0.002 35.68 0.004 35.70 0.009 35.72 0.010 35.74 0.012
 35.76 0.014 35.78 0.016 35.80 0.015 35.82 0.009 35.84-0.001 35.86-0.013
 35.88-0.024 35.90-0.029 35.92-0.027 35.94-0.020 35.96-0.012 35.98-0.005
 36.00-0.001 36.02 0.003 36.04 0.002 36.06-0.001 36.08-0.005 36.10-0.010
 36.12-0.017 36.14-0.026 36.16-0.031 36.18-0.027 36.20-0.020 36.22-0.013
 36.24-0.006 36.26 0.002 36.28 0.011 36.30 0.018 36.32 0.018 36.34 0.013
 36.36 0.007 36.38 0.002 36.40 0.002 36.42 0.004 36.44 0.001 36.46-0.004
 36.48-0.002 36.50 0.006 36.52 0.013 36.54 0.011 36.56 0.007 36.58 0.007
 36.60 0.010 36.62 0.010 36.64 0.009 36.66 0.009 36.68 0.012 36.70 0.013
 36.72 0.008 36.74 0.001 36.76-0.006 36.78-0.012 36.80-0.012 36.82-0.008
 36.84-0.002 36.86 0.004 36.88 0.010 36.90 0.015 36.92 0.015 36.94 0.013
 36.96 0.014 36.98 0.018 37.00 0.022 37.02 0.023 37.04 0.020 37.06 0.016
 37.08 0.011 37.10 0.007 37.12 0.003 37.14 0.003 37.16 0.006 37.18 0.013
 37.20 0.022 37.22 0.026 37.24 0.022 37.26 0.019 37.28 0.016 37.30 0.016
 37.32 0.017 37.34 0.018 37.36 0.020 37.38 0.024 37.40 0.028 37.42 0.023
 37.44 0.016 37.46 0.013 37.48 0.012 37.50 0.006 37.52-0.001 37.54-0.005
 37.56-0.003 37.58 0.005 37.60 0.009 37.62 0.008 37.64 0.010 37.66 0.014
 37.68 0.018 37.70 0.017 37.72 0.012 37.74 0.005 37.76 0.002 37.78 0.004
 37.80 0.005 37.82 0.000 37.84-0.007 37.86-0.011 37.88-0.013 37.90-0.011
 37.92-0.008 37.94-0.007 37.96-0.006 37.98-0.003 38.00 0.003 38.02 0.006
 38.04 0.005 38.06 0.001 38.08-0.002 38.10-0.002 38.12-0.001 38.14-0.001
 38.16-0.002 38.18-0.001 38.20-0.001 38.22-0.008 38.24-0.016 38.26-0.020
 38.28-0.020 38.30-0.017 38.32-0.013 38.34-0.009 38.36-0.004 38.38-0.002
 38.40-0.001 38.42 0.001 38.44 0.003 38.46 0.004 38.48 0.004 38.50 0.005
 38.52 0.006 38.54 0.006 38.56 0.002 38.58-0.002 38.60-0.004 38.62-0.005
 38.64-0.007 38.66-0.011 38.68-0.013 38.70-0.011 38.72-0.009 38.74-0.006
 38.76 0.000 38.78 0.004 38.80 0.006 38.82 0.006 38.84 0.004 38.86 0.002
 38.88-0.001 38.90-0.004 38.92-0.003 38.94 0.000 38.96 0.002 38.98 0.004
 39.00 0.009 39.02 0.012 39.04 0.012 39.06 0.010 39.08 0.009 39.10 0.009
 39.12 0.008 39.14 0.006 39.16 0.001 39.18-0.003 39.20-0.006 39.22-0.008
 39.24-0.009 39.26-0.011 39.28-0.014 39.30-0.017 39.32-0.016 39.34-0.012
 39.36-0.008 39.38-0.004 39.40 0.000 39.42 0.005 39.44 0.005 39.46-0.002
 39.48-0.009 39.50-0.013 39.52-0.009 39.54-0.006 39.56-0.004 39.58-0.005
 39.60-0.006 39.62-0.007 39.64-0.008 39.66-0.008 39.68-0.007 39.70-0.007
 39.72-0.008 39.74-0.009 39.76-0.010 39.78-0.011 39.80-0.011 39.82-0.009
 39.84-0.006 39.86-0.006 39.88-0.010 39.90-0.012 39.92-0.015 39.94-0.014
 39.96-0.010 39.98-0.004 40.00-0.002 40.02-0.003 40.04-0.004 40.06-0.004
 40.08-0.003 40.10-0.001 40.12 0.000 40.14 0.002 40.16 0.003 40.18 0.007
 40.20 0.012 40.22 0.018 40.24 0.020 40.26 0.017 40.28 0.010 40.30 0.005
 40.32 0.007 40.34 0.009 40.36 0.003 40.38-0.005 40.40-0.013 40.42-0.014
 40.44-0.012 40.46-0.010 40.48-0.008 40.50-0.005 40.52-0.001 40.54 0.002
 40.56 0.002 40.58 0.000 40.60-0.001 40.62-0.003 40.64-0.003 40.66-0.003
 40.68-0.001 40.70 0.001 40.72 0.003 40.74 0.002 40.76 0.000 40.78-0.001
 40.80 0.001 40.82 0.002 40.84-0.002 40.86-0.007 40.88-0.011 40.90-0.013
 40.92-0.014 40.94-0.015 40.96-0.013 40.98-0.010 41.00-0.007 41.02-0.006
 41.04-0.008 41.06-0.013 41.08-0.018 41.10-0.021 41.12-0.022 41.14-0.019
 41.16-0.015 41.18-0.010 41.20-0.005 41.22-0.002 41.24-0.001 41.26 0.000
 41.28-0.002 41.30-0.004 41.32-0.006 41.34-0.009 41.36-0.009 41.38-0.007
 41.40-0.003 41.42 0.000 41.44 0.003 41.46 0.007 41.48 0.008 41.50 0.005
 41.52 0.001 41.54-0.003 41.56-0.006 41.58-0.006 41.60-0.001 41.62 0.007
 41.64 0.012 41.66 0.014 41.68 0.016 41.70 0.017 41.72 0.014 41.74 0.010
 41.76 0.006 41.78 0.001 41.80-0.003 41.82-0.007 41.84-0.009 41.86-0.008
 41.88-0.007 41.90-0.005 41.92-0.003 41.94-0.001 41.96-0.001 41.98-0.006
 42.00-0.011 42.02-0.017 42.04-0.019 42.06-0.020 42.08-0.020 42.10-0.019
 42.12-0.016 42.14-0.010 42.16-0.004 42.18-0.002 42.20-0.001 42.22-0.001
 42.24-0.003 42.26-0.006 42.28-0.009 42.30-0.011 42.32-0.013 42.34-0.014
 42.36-0.015 42.38-0.014 42.40-0.011 42.42-0.009 42.44-0.006 42.46-0.002
 42.48 0.001 42.50 0.002 42.52 0.000 42.54-0.003 42.56-0.007 42.58-0.009
 42.60-0.006 42.62-0.002 42.64 0.002 42.66 0.003 42.68 0.004 42.70 0.001
 42.72-0.001 42.74-0.004 42.76-0.006 42.78-0.004 42.80-0.002 42.82 0.000
 42.84 0.003 42.86 0.007 42.88 0.013 42.90 0.016 42.92 0.017 42.94 0.016
 42.96 0.014 42.98 0.012 43.00 0.014 43.02 0.019 43.04 0.023 43.06 0.025
 43.08 0.025 43.10 0.023 43.12 0.022 43.14 0.020 43.16 0.019 43.18 0.016
 43.20 0.015 43.22 0.014 43.24 0.013 43.26 0.011 43.28 0.008 43.30 0.005
 43.32 0.003 43.34 0.003 43.36 0.004 43.38 0.003 43.40 0.001 43.42-0.002
 43.44-0.004 43.46-0.005 43.48-0.007 43.50-0.008 43.52-0.010 43.54-0.013
 43.56-0.012 43.58-0.009 43.60-0.005 43.62-0.001 43.64 0.003 43.66 0.007
 43.68 0.009 43.70 0.009 43.72 0.009 43.74 0.009 43.76 0.008 43.78 0.008
 43.80 0.010 43.82 0.012 43.84 0.012 43.86 0.009 43.88 0.006 43.90 0.005
 43.92 0.006 43.94 0.007 43.96 0.008 43.98 0.009 44.00 0.011 44.02 0.013
 44.04 0.013 44.06 0.011 44.08 0.009 44.10 0.009 44.12 0.009 44.14 0.010
 44.16 0.007 44.18 0.002 44.20-0.001 44.22-0.003 44.24-0.004 44.26-0.005
 44.28-0.005 44.30-0.003 44.32 0.001 44.34 0.002 44.36 0.001 44.38 0.001
 44.40 0.002 44.42 0.002 44.44 0.002 44.46 0.002 44.48 0.002 44.50 0.003
 44.52 0.003 44.54 0.004 44.56 0.004 44.58 0.005 44.60 0.004 44.62 0.001
 44.64-0.002 44.66-0.005 44.68-0.003 44.70-0.001 44.72-0.001 44.74-0.002
 44.76-0.002 44.78-0.001 44.80 0.001 44.82 0.004 44.84 0.007 44.86 0.008
 44.88 0.010 44.90 0.009 44.92 0.005 44.94 0.001 44.96-0.003 44.98-0.006
 45.00-0.006 45.02-0.004 45.04-0.003 45.06-0.001 45.08 0.000 45.10 0.000
 45.12 0.000 45.14-0.001 45.16-0.001 45.18 0.001 45.20 0.003 45.22 0.006
 45.24 0.008 45.26 0.011 45.28 0.014 45.30 0.018 45.32 0.022 45.34 0.022
 45.36 0.020 45.38 0.018 45.40 0.016 45.42 0.012 45.44 0.007 45.46 0.003
 45.48 0.001 45.50 0.001 45.52 0.004 45.54 0.006 45.56 0.008 45.58 0.006
 45.60 0.004 45.62 0.002 45.64 0.001 45.66-0.002 45.68-0.005 45.70-0.006
 45.72-0.004 45.74-0.001 45.76 0.000 45.78 0.000 45.80 0.001 45.82 0.003
 45.84 0.005 45.86 0.006 45.88 0.007 45.90 0.006 45.92 0.004 45.94 0.003
 45.96 0.002 45.98 0.000 46.00-0.003 46.02-0.005 46.04-0.005 46.06-0.004
 46.08-0.004 46.10-0.005 46.12-0.006 46.14-0.006 46.16-0.006 46.18-0.004
 46.20-0.002 46.22 0.000 46.24 0.003 46.26 0.004 46.28 0.006 46.30 0.007
 46.32 0.007 46.34 0.007 46.36 0.007 46.38 0.008 46.40 0.007 46.42 0.007
 46.44 0.006 46.46 0.006 46.48 0.005 46.50 0.004 46.52 0.002 46.54-0.001
 46.56-0.005 46.58-0.007 46.60-0.009 46.62-0.009 46.64-0.008 46.66-0.007
 46.68-0.006 46.70-0.005 46.72-0.004 46.74-0.003 46.76-0.004 46.78-0.006
 46.80-0.007 46.82-0.009 46.84-0.009 46.86-0.006 46.88-0.002 46.90 0.002
 46.92 0.006 46.94 0.009 46.96 0.009 46.98 0.007 47.00 0.004 47.02 0.002
 47.04 0.002 47.06 0.002 47.08 0.002 47.10 0.000 47.12-0.001 47.14-0.001
 47.16 0.001 47.18 0.005 47.20 0.010 47.22 0.013 47.24 0.015 47.26 0.014
 47.28 0.012 47.30 0.010 47.32 0.008 47.34 0.007 47.36 0.006 47.38 0.006
 47.40 0.005 47.42 0.004 47.44 0.003 47.46 0.002 47.48 0.001 47.50 0.001
 47.52 0.000 47.54-0.002 47.56-0.004 47.58-0.006 47.60-0.006 47.62-0.004
 47.64-0.001 47.66 0.000 47.68 0.001 47.70 0.001 47.72 0.001 47.74 0.002
 47.76 0.002 47.78 0.003 47.80 0.003 47.82 0.001 47.84-0.002 47.86-0.004
 47.88-0.007 47.90-0.009 47.92-0.009 47.94-0.009 47.96-0.009 47.98-0.009
 48.00-0.010 48.02-0.010 48.04-0.010 48.06-0.009 48.08-0.008 48.10-0.008
 48.12-0.008 48.14-0.008 48.16-0.007 48.18-0.005 48.20-0.003 48.22-0.003
 48.24-0.005 48.26-0.007 48.28-0.009 48.30-0.009 48.32-0.008 48.34-0.004
 48.36-0.001 48.38 0.004 48.40 0.007 48.42 0.006 48.44 0.002 48.46-0.002
 48.48-0.006 48.50-0.007 48.52-0.006 48.54-0.005 48.56-0.005 48.58-0.007
 48.60-0.009 48.62-0.011 48.64-0.011 48.66-0.010 48.68-0.009 48.70-0.008
 48.72-0.008 48.74-0.008 48.76-0.007 48.78-0.005 48.80-0.005 48.82-0.006
 48.84-0.007 48.86-0.006 48.88-0.004 48.90-0.002 48.92 0.000 48.94 0.000
 48.96-0.001 48.98-0.004 49.00-0.007 49.02-0.008 49.04-0.009 49.06-0.007
 49.08-0.005 49.10-0.003 49.12-0.004 49.14-0.005 49.16-0.006 49.18-0.007
 49.20-0.007 49.22-0.007 49.24-0.005 49.26-0.003 49.28-0.002 49.30-0.001
 49.32-0.002 49.34-0.003 49.36-0.006 49.38-0.008 49.40-0.011 49.42-0.014
 49.44-0.015 49.46-0.014 49.48-0.010 49.50-0.006 49.52-0.004 49.54-0.003
 49.56-0.002 49.58 0.000 49.60 0.001 49.62 0.000 49.64-0.002 49.66-0.002
 49.68-0.003 49.70-0.003 49.72-0.004 49.74-0.005 49.76-0.004 49.78-0.003
 49.80-0.002 49.82-0.003 49.84-0.004 49.86-0.006 49.88-0.007 49.90-0.007
 49.92-0.006 49.94-0.003 49.96-0.001 49.98 0.001 50.00 0.003 50.02 0.002
 50.04 0.002 50.06 0.001 50.08 0.000 50.10-0.001 50.12-0.001 50.14-0.001
 50.16-0.001 50.18-0.003 50.20-0.006 50.22-0.008 50.24-0.008 50.26-0.006
 50.28-0.003 50.30-0.002 50.32-0.002 50.34-0.001 50.36-0.003 50.38-0.007
 50.40-0.009 50.42-0.010 50.44-0.009 50.46-0.007 50.48-0.003 50.50 0.000
 50.52 0.002 50.54 0.004 50.56 0.006 50.58 0.008 50.60 0.009 50.62 0.009
 50.64 0.009 50.66 0.010 50.68 0.010 50.70 0.011 50.72 0.010 50.74 0.008
 50.76 0.006 50.78 0.005 50.80 0.004 50.82 0.004 50.84 0.003 50.86 0.003
 50.88 0.002 50.90 0.002 50.92 0.001 50.94 0.001 50.96 0.000 50.98 0.000
 51.00 0.001 51.02 0.002 51.04 0.002 51.06 0.003 51.08 0.003 51.10 0.004
 51.12 0.004 51.14 0.004 51.16 0.006 51.18 0.009 51.20 0.010 51.22 0.010
 51.24 0.010 51.26 0.009 51.28 0.008 51.30 0.008 51.32 0.008 51.34 0.006
 51.36 0.004 51.38 0.002 51.40-0.001 51.42-0.003 51.44-0.006 51.46-0.006
 51.48-0.006 51.50-0.006 51.52-0.004 51.54-0.003 51.56-0.001 51.58-0.001
 51.60 0.000 51.62-0.001 51.64-0.002 51.66-0.004 51.68-0.004 51.70-0.004
 51.72-0.002 51.74-0.001 51.76 0.000 51.78 0.003 51.80 0.005 51.82 0.008
 51.84 0.008 51.86 0.006 51.88 0.003 51.90-0.001 51.92-0.003 51.94-0.004
 51.96-0.004 51.98-0.005 52.00-0.004 52.02-0.003 52.04-0.003 52.06-0.003
 52.08-0.004 52.10-0.006 52.12-0.006 52.14-0.005 52.16-0.004 52.18-0.004
 52.20-0.003 52.22-0.002 52.24-0.001 52.26 0.000 52.28 0.001 52.30 0.002
 52.32 0.002 52.34 0.002 52.36 0.001 52.38 0.001 52.40 0.001 52.42 0.001
 52.44 0.002 52.46 0.003 52.48 0.003 52.50 0.001 52.52-0.001 52.54-0.003
 52.56-0.004 52.58-0.004 52.60-0.003 52.62-0.002 52.64-0.001 52.66-0.001
 52.68-0.001 52.70-0.003 52.72-0.004 52.74-0.004 52.76-0.005 52.78-0.005
 52.80-0.006 52.82-0.006 52.84-0.005 52.86-0.004 52.88-0.003 52.90-0.001
 52.92 0.001 52.94 0.002 52.96 0.004 52.98 0.006 53.00 0.008 53.02 0.009
 53.04 0.009 53.06 0.010 53.08 0.011 53.10 0.010 53.12 0.009 53.14 0.008
 53.16 0.007 53.18 0.006 53.20 0.006 53.22 0.007 53.24 0.007 53.26 0.008
 53.28 0.009 53.30 0.009 53.32 0.009 53.34 0.008 53.36 0.007 53.38 0.007
 53.40 0.007 53.42 0.007 53.44 0.006 53.46 0.004 53.48 0.003 53.50 0.004
 53.52 0.006 53.54 0.006 53.56 0.006 53.58 0.006 53.60 0.005 53.62 0.005
 53.64 0.005 53.66 0.005 53.68 0.005 53.70 0.006 53.72 0.006 53.74 0.006
 53.76 0.005 53.78 0.004 53.80 0.004 53.82 0.004 53.84 0.005 53.86 0.006
 53.88 0.006 53.90 0.007 53.92 0.006 53.94 0.005 53.96 0.004 53.98 0.003
 54.00 0.003 54.02 0.003 54.04 0.003 54.06 0.002 54.08 0.001 54.10 0.000
 54.12 0.000 54.14 0.000 54.16 0.000 54.18 0.001 54.20 0.001 54.22 0.001
 54.24 0.001 54.26 0.002 54.28 0.004 54.30 0.005 54.32 0.004 54.34 0.004
 54.36 0.003 54.38 0.002 54.38 0.002 54.38 0.002 54.38 0.002 54.38 0.002
!------------------------------------------------------------------------
!            IFUNC             NTIME [IFUNC.EQ.6: EQ IN Y-DIR]
                 6                 0
!   [T    F6     T    F6     T    F6     T    F6     T    F6     T    F6]
!------------------------------------------------------------------------
!            IFUNC             NTIME [IFUNC.EQ.7: EQ IN Z-DIR]
                 7                 0
!   [T    F1     T    F1     T    F1     T    F1     T    F1     T    F1]
!------------------------------------------------------------------------
